Multiple size <= 100
TEST 1 ARG:24 56 97 57 6 53 89 19 75 73 93 21 30 83 60 28 35 98 52 79 68 70 59 2 76 41 8 55 86 43 29 5 67 91 14 77 16 0 45 85 99 11 84 87 61 40 72 27 4 47 32 26 33 22 13 94 10 80 12 18 20 15 38 7 44 66 90 96 39 34 88 78 31 42 3 82 54 46 36 92 95 69 25 81 62 9 17 1 50 49 63 48 71 23 51 64 37 65 58 74 
TEST 2 ARG:61 67 4 14 32 94 96 25 65 9 75 95 47 13 16 49 58 88 17 6 44 52 53 21 68 42 19 57 70 79 97 63 50 54 45 18 8 41 3 39 28 78 27 11 55 22 66 87 20 23 7 77 80 34 36 73 85 76 2 35 86 90 1 59 40 74 43 83 5 0 71 12 26 89 81 30 48 37 82 93 60 84 62 46 51 10 64 92 69 31 15 91 33 24 72 98 56 38 99 29 
TEST 2 ARG:61 67 4 14 32 94 96 25 65 9 75 95 47 13 16 49 58 88 17 6 44 52 53 21 68 42 19 57 70 79 97 63 50 54 45 18 8 41 3 39 28 78 27 11 55 22 66 87 20 23 7 77 80 34 36 73 85 76 2 35 86 90 1 59 40 74 43 83 5 0 71 12 26 89 81 30 48 37 82 93 60 84 62 46 51 10 64 92 69 31 15 91 33 24 72 98 56 38 99 29 
TEST 3 ARG:97 99 39 52 62 27 36 64 60 50 86 15 46 25 11 32 56 58 43 53 83 94 57 54 96 69 59 61 49 31 47 23 55 13 42 87 78 33 75 95 8 84 21 41 77 20 65 68 67 3 9 38 18 26 10 70 76 71 44 79 0 35 85 14 5 37 66 90 91 7 16 17 63 93 34 6 88 98 24 4 80 73 30 29 89 2 1 92 40 28 72 48 22 45 82 19 12 81 51 74 
TEST 4 ARG:42 73 89 75 80 19 91 53 60 54 13 35 17 11 69 46 43 94 29 70 74 85 90 72 63 22 3 10 39 58 45 18 67 34 86 6 2 56 64 78 55 1 88 65 81 8 97 96 31 0 15 95 66 44 48 27 30 92 24 36 50 25 33 93 84 99 14 16 4 41 62 68 61 47 57 49 5 76 71 26 28 32 83 82 40 23 37 98 21 52 12 79 20 38 77 7 87 51 9 59 
TEST 4 ARG:42 73 89 75 80 19 91 53 60 54 13 35 17 11 69 46 43 94 29 70 74 85 90 72 63 22 3 10 39 58 45 18 67 34 86 6 2 56 64 78 55 1 88 65 81 8 97 96 31 0 15 95 66 44 48 27 30 92 24 36 50 25 33 93 84 99 14 16 4 41 62 68 61 47 57 49 5 76 71 26 28 32 83 82 40 23 37 98 21 52 12 79 20 38 77 7 87 51 9 59 
TEST 5 ARG:85 99 16 10 42 20 41 27 43 93 87 79 80 83 66 78 75 54 44 65 61 4 25 24 67 18 50 29 8 33 22 5 37 56 72 69 98 6 19 1 55 0 36 60 92 84 91 39 68 7 76 11 32 94 21 9 26 14 3 52 53 59 64 49 96 31 89 34 81 95 35 63 88 23 17 45 90 97 71 82 70 62 51 2 73 77 47 48 46 12 28 30 13 15 40 74 86 57 58 38 
TEST 6 ARG:42 79 38 16 31 26 41 6 76 61 86 15 50 0 51 30 87 96 20 46 93 2 71 22 77 55 9 23 34 78 11 67 4 70 21 82 85 13 53 66 8 57 49 81 83 28 99 97 74 98 36 62 73 68 95 92 65 59 43 14 60 12 40 5 89 37 94 91 54 80 75 29 25 72 84 56 1 52 32 63 19 47 3 45 39 64 24 69 48 18 10 33 88 7 35 44 58 27 17 90 
TEST 7 ARG:64 81 11 94 97 70 62 90 96 44 22 45 69 78 63 48 85 6 28 86 47 20 32 99 61 56 60 55 91 43 37 71 1 24 92 15 38 51 54 98 27 89 30 68 57 26 0 88 17 10 16 65 41 53 21 9 66 5 93 29 76 73 52 35 82 13 36 4 3 31 7 75 83 42 58 2 25 95 77 46 79 72 80 84 19 87 50 34 59 33 49 14 18 40 8 12 39 74 67 23 
TEST 8 ARG:61 39 15 12 50 41 43 89 34 94 84 28 31 91 74 69 70 17 66 97 78 60 53 45 10 14 3 1 24 98 7 36 79 19 5 32 67 30 46 55 4 35 23 38 99 80 42 6 26 58 71 76 92 68 9 88 47 44 33 82 37 75 29 48 57 64 63 0 2 11 49 56 95 87 59 54 90 93 86 81 83 62 16 85 25 52 22 40 18 73 27 20 21 13 8 77 96 72 65 51 
TEST 9 ARG:47 42 18 33 56 97 11 39 67 99 52 59 13 36 6 35 88 44 24 29 69 75 5 89 73 4 54 79 22 2 46 45 77 27 16 90 15 12 51 31 80 7 93 48 86 91 96 23 60 38 21 55 1 43 63 57 84 64 95 20 25 87 78 72 28 70 98 10 94 81 66 8 34 19 82 58 0 40 50 61 71 85 37 65 53 3 62 14 17 9 30 68 92 83 76 26 74 41 32 49 
TEST 10 ARG:18 44 71 41 98 86 74 75 80 8 97 54 48 81 6 30 99 55 39 5 68 67 2 77 59 11 93 92 17 34 23 38 33 40 25 60 61 36 84 56 58 70 10 14 47 64 43 29 65 7 94 87 69 62 28 22 45 49 66 1 46 4 90 12 57 27 78 9 52 24 19 16 79 85 72 13 21 20 31 3 73 63 15 76 50 95 51 0 42 53 83 88 26 89 96 91 35 37 32 82 
TEST 10 ARG:18 44 71 41 98 86 74 75 80 8 97 54 48 81 6 30 99 55 39 5 68 67 2 77 59 11 93 92 17 34 23 38 33 40 25 60 61 36 84 56 58 70 10 14 47 64 43 29 65 7 94 87 69 62 28 22 45 49 66 1 46 4 90 12 57 27 78 9 52 24 19 16 79 85 72 13 21 20 31 3 73 63 15 76 50 95 51 0 42 53 83 88 26 89 96 91 35 37 32 82 
TEST 11 ARG:75 16 79 59 90 82 41 7 21 74 6 95 46 57 32 0 39 53 30 14 24 76 69 35 98 31 88 5 97 93 65 61 66 23 10 1 54 25 73 20 38 71 33 96 91 49 19 34 84 64 68 9 12 50 11 87 28 4 58 36 47 42 60 70 63 72 44 56 99 86 26 78 3 51 81 77 67 48 27 52 8 37 62 2 43 55 80 29 92 15 85 13 83 89 22 40 17 18 94 45 
TEST 12 ARG:78 82 76 20 56 41 99 65 40 35 87 50 77 9 18 48 52 0 17 31 97 63 86 94 5 67 42 39 46 60 92 70 93 73 23 13 64 37 28 49 75 95 85 68 24 21 96 38 91 62 84 90 36 3 4 54 22 26 33 74 47 66 55 27 58 98 29 57 34 59 51 12 81 79 80 32 88 11 16 89 61 45 72 10 8 19 25 83 1 44 2 6 69 43 7 15 71 30 14 53 
TEST 13 ARG:92 37 82 70 28 81 38 61 50 9 93 3 48 16 65 43 80 62 40 88 57 68 46 54 98 71 94 19 69 11 15 59 67 72 29 95 83 18 21 24 79 32 4 96 66 53 36 99 20 35 41 51 63 1 47 8 86 78 58 42 56 91 44 5 34 45 26 73 89 85 25 12 90 33 84 39 30 60 23 97 31 13 87 0 74 27 17 49 7 10 64 2 76 14 52 6 75 22 55 77 
TEST 14 ARG:95 58 33 69 20 4 80 13 85 55 38 46 49 44 57 3 67 81 25 66 43 92 28 86 22 12 31 24 39 19 96 9 76 41 75 50 30 71 74 51 18 56 65 7 36 1 10 61 48 27 97 34 5 29 94 6 70 8 64 87 88 78 14 37 32 42 17 16 90 47 21 83 52 60 2 26 45 84 77 99 93 15 53 0 11 73 23 82 40 63 62 89 91 79 68 35 98 59 54 72 
TEST 14 ARG:95 58 33 69 20 4 80 13 85 55 38 46 49 44 57 3 67 81 25 66 43 92 28 86 22 12 31 24 39 19 96 9 76 41 75 50 30 71 74 51 18 56 65 7 36 1 10 61 48 27 97 34 5 29 94 6 70 8 64 87 88 78 14 37 32 42 17 16 90 47 21 83 52 60 2 26 45 84 77 99 93 15 53 0 11 73 23 82 40 63 62 89 91 79 68 35 98 59 54 72 
TEST 15 ARG:55 70 14 76 72 60 78 12 6 40 51 36 33 99 11 4 73 23 90 69 35 81 83 17 21 47 59 56 89 45 7 43 10 3 74 77 0 37 13 50 65 29 87 49 63 39 30 2 98 66 96 92 97 44 67 54 25 62 15 94 80 88 22 18 86 95 32 41 31 28 42 48 1 20 82 19 91 68 5 57 61 53 46 75 93 9 16 8 27 85 52 58 26 24 84 71 64 34 79 38 
TEST 16 ARG:30 12 52 4 38 94 33 3 87 48 25 26 16 81 83 34 97 1 92 24 69 49 77 98 57 41 37 20 93 15 96 64 89 40 67 65 50 43 13 7 8 53 51 72 2 99 74 32 35 39 61 76 59 27 54 58 5 14 95 55 42 31 10 46 18 62 60 36 29 84 22 73 9 28 86 17 88 47 19 70 71 85 44 21 11 45 66 68 56 91 90 0 82 75 63 6 79 80 23 78 
TEST 16 ARG:30 12 52 4 38 94 33 3 87 48 25 26 16 81 83 34 97 1 92 24 69 49 77 98 57 41 37 20 93 15 96 64 89 40 67 65 50 43 13 7 8 53 51 72 2 99 74 32 35 39 61 76 59 27 54 58 5 14 95 55 42 31 10 46 18 62 60 36 29 84 22 73 9 28 86 17 88 47 19 70 71 85 44 21 11 45 66 68 56 91 90 0 82 75 63 6 79 80 23 78 
TEST 17 ARG:19 4 20 75 3 78 73 40 37 80 0 15 46 25 48 32 9 43 62 86 50 24 55 17 44 57 38 69 70 13 8 59 39 68 34 49 99 90 22 12 82 14 21 11 54 28 61 71 16 91 97 66 72 30 26 47 63 65 74 18 94 79 51 1 27 84 6 67 42 29 7 31 23 2 45 93 58 76 88 60 10 56 96 33 95 85 98 36 52 64 77 89 81 35 41 5 83 92 87 53 
TEST 18 ARG:67 14 13 53 37 94 30 29 66 52 60 0 70 72 89 16 3 45 84 25 76 28 47 40 83 32 77 81 58 78 17 38 21 26 56 92 50 99 48 71 62 34 95 64 63 49 8 35 31 98 86 61 73 96 68 79 74 39 27 54 97 11 55 18 23 59 19 41 65 93 20 85 57 4 12 80 5 36 22 87 1 44 42 82 91 69 51 15 9 24 90 6 33 43 10 88 46 2 7 75 
TEST 19 ARG:6 60 40 26 83 21 43 3 29 70 50 76 96 11 9 34 90 75 15 2 71 36 48 95 52 47 37 20 81 77 51 17 92 59 68 46 38 31 62 22 45 58 94 84 98 41 64 72 87 78 67 79 0 82 65 85 57 27 4 69 23 30 25 35 80 54 10 28 8 63 44 19 89 55 74 13 16 97 86 42 99 32 5 91 24 33 93 73 56 53 66 49 61 14 88 7 1 18 12 39 
TEST 20 ARG:21 27 91 95 12 3 36 33 77 72 11 82 2 92 80 1 29 0 6 39 98 41 5 15 68 37 64 28 54 47 17 97 20 49 35 55 42 7 16 50 48 60 96 56 9 63 43 90 79 57 23 18 58 84 99 69 14 22 73 38 62 40 88 19 45 61 52 13 81 74 25 66 46 89 75 51 53 70 4 10 71 24 83 93 67 94 85 8 78 76 86 32 26 59 65 87 31 30 34 44 
TEST 20 ARG:21 27 91 95 12 3 36 33 77 72 11 82 2 92 80 1 29 0 6 39 98 41 5 15 68 37 64 28 54 47 17 97 20 49 35 55 42 7 16 50 48 60 96 56 9 63 43 90 79 57 23 18 58 84 99 69 14 22 73 38 62 40 88 19 45 61 52 13 81 74 25 66 46 89 75 51 53 70 4 10 71 24 83 93 67 94 85 8 78 76 86 32 26 59 65 87 31 30 34 44 
TEST 21 ARG:57 55 71 75 20 14 83 35 96 23 81 44 97 38 45 65 92 31 8 47 26 70 22 40 60 61 2 37 91 67 56 1 98 4 89 59 10 34 36 3 25 18 19 41 85 69 76 32 58 93 52 74 5 21 90 63 79 0 27 51 24 33 94 54 95 15 46 11 6 78 87 86 49 64 9 62 99 84 17 16 80 7 66 82 48 72 53 39 28 43 12 68 42 13 30 73 77 88 50 29 
TEST 21 ARG:57 55 71 75 20 14 83 35 96 23 81 44 97 38 45 65 92 31 8 47 26 70 22 40 60 61 2 37 91 67 56 1 98 4 89 59 10 34 36 3 25 18 19 41 85 69 76 32 58 93 52 74 5 21 90 63 79 0 27 51 24 33 94 54 95 15 46 11 6 78 87 86 49 64 9 62 99 84 17 16 80 7 66 82 48 72 53 39 28 43 12 68 42 13 30 73 77 88 50 29 
TEST 22 ARG:65 35 98 57 83 74 21 86 34 30 96 66 93 5 45 94 56 60 55 19 78 6 53 36 68 29 27 2 14 82 50 51 70 42 79 32 52 62 49 0 31 46 13 71 39 88 47 15 61 64 97 20 99 18 58 95 90 23 67 1 22 81 84 33 16 85 4 3 87 9 25 41 63 76 89 26 92 73 11 48 37 40 10 43 77 80 38 75 17 28 69 24 59 8 12 54 7 91 44 72 
TEST 22 ARG:65 35 98 57 83 74 21 86 34 30 96 66 93 5 45 94 56 60 55 19 78 6 53 36 68 29 27 2 14 82 50 51 70 42 79 32 52 62 49 0 31 46 13 71 39 88 47 15 61 64 97 20 99 18 58 95 90 23 67 1 22 81 84 33 16 85 4 3 87 9 25 41 63 76 89 26 92 73 11 48 37 40 10 43 77 80 38 75 17 28 69 24 59 8 12 54 7 91 44 72 
TEST 23 ARG:58 50 42 82 62 61 56 83 1 75 14 43 91 95 59 19 12 80 30 31 66 74 57 23 27 3 39 71 9 22 18 46 97 76 77 34 49 21 29 70 7 15 81 5 44 47 88 67 48 65 13 99 52 68 64 33 73 92 41 26 35 60 11 2 17 4 79 8 55 53 72 86 16 89 90 24 40 54 25 32 96 28 98 87 6 38 20 10 69 93 36 94 0 37 63 45 85 51 84 78 
TEST 23 ARG:58 50 42 82 62 61 56 83 1 75 14 43 91 95 59 19 12 80 30 31 66 74 57 23 27 3 39 71 9 22 18 46 97 76 77 34 49 21 29 70 7 15 81 5 44 47 88 67 48 65 13 99 52 68 64 33 73 92 41 26 35 60 11 2 17 4 79 8 55 53 72 86 16 89 90 24 40 54 25 32 96 28 98 87 6 38 20 10 69 93 36 94 0 37 63 45 85 51 84 78 
TEST 24 ARG:25 81 29 56 98 52 79 38 57 11 65 23 77 33 82 70 44 10 76 58 35 14 36 66 41 78 73 80 61 50 34 62 13 60 32 18 16 22 55 75 83 27 45 63 67 6 26 64 99 24 47 53 40 28 89 21 92 69 42 2 54 71 96 51 19 1 20 17 30 39 84 68 74 3 87 91 90 46 85 94 86 95 49 93 72 8 43 59 5 12 4 97 15 7 31 88 48 37 0 9 
TEST 24 ARG:25 81 29 56 98 52 79 38 57 11 65 23 77 33 82 70 44 10 76 58 35 14 36 66 41 78 73 80 61 50 34 62 13 60 32 18 16 22 55 75 83 27 45 63 67 6 26 64 99 24 47 53 40 28 89 21 92 69 42 2 54 71 96 51 19 1 20 17 30 39 84 68 74 3 87 91 90 46 85 94 86 95 49 93 72 8 43 59 5 12 4 97 15 7 31 88 48 37 0 9 
